100 0.001093
200 0.003701
300 0.007381
400 0.014675
500 0.022635
600 0.023112
700 0.032171
800 0.050458
900 0.059927
1000 0.089697
1100 0.086858
1200 0.108676
1300 0.124385
1400 0.132955
1500 0.153408
1600 0.176144
1700 0.199185
1800 0.226469
1900 0.241751
2000 0.267591
2100 0.296654
2200 0.334209
2300 0.347550
2400 0.370537
2500 0.421874
2600 0.473844
2700 0.529168
2800 0.510705
2900 0.616644
3000 0.607030
3100 0.615238
3200 0.681546
3300 0.713334
3400 0.758029
3500 0.832864
3600 0.862170
3700 0.887642
3800 0.964060
3900 1.082064
4000 1.215670
4100 1.176246
4200 1.241046
4300 1.300401
4400 1.357887
4500 1.328937
4600 1.388395
4700 1.495523
4800 1.491843
4900 1.557589
5000 1.644816
5100 1.685492
5200 1.756940
5300 1.782273
5400 1.876993
5500 2.234110
5600 2.191502
5700 2.340082
5800 2.443593
5900 2.910268
6000 2.515777
6100 2.551394
6200 2.551782
6300 2.592675
6400 2.635929
6500 2.710607
6600 3.986727
6700 3.165857
6800 3.289361
6900 3.321550
7000 3.242143
7100 3.227705
7200 4.748588
7300 3.938500
7400 3.863660
7500 4.028147
7600 4.080679
7700 4.795635
7800 4.038989
7900 4.184071
8000 4.667623
8100 5.460478
8200 4.651665
8300 4.815649
8400 4.960526
8500 5.143634
8600 5.243348
8700 5.235559
8800 5.467607
8900 5.801710
9000 5.197901
9100 5.363223
9200 6.449263
9300 5.786484
9400 6.292186
9500 6.505214
9600 5.922862
9700 6.658075
9800 6.780223
9900 6.312022
10000 6.374510
