100 0.001365
200 0.003492
300 0.011329
400 0.012823
500 0.025628
600 0.029141
700 0.041936
800 0.048296
900 0.076090
1000 0.099155
1100 0.097862
1200 0.123910
1300 0.139146
1400 0.157670
1500 0.185594
1600 0.212883
1700 0.235776
1800 0.324098
1900 0.291462
2000 0.316434
2100 0.358418
2200 0.462072
2300 0.412784
2400 0.454112
2500 0.512872
2600 0.541301
2700 0.609285
2800 0.655576
2900 0.693190
3000 0.724835
3100 0.743601
3200 0.797115
3300 0.849134
3400 0.905349
3500 0.972724
3600 1.074315
3700 1.079669
3800 1.129957
3900 1.218628
4000 1.880023
4100 1.426113
4200 1.509594
4300 1.608659
4400 1.672558
4500 2.092904
4600 1.652045
4700 1.695413
4800 1.841595
4900 1.867468
5000 1.948554
5100 2.016861
5200 2.139791
5300 2.203244
5400 2.255055
5500 2.796325
5600 2.617742
5700 2.743711
5800 2.916385
5900 3.053998
6000 3.139529
6100 3.263772
6200 3.006453
6300 3.105930
6400 3.156526
6500 3.268742
6600 3.850682
6700 3.959308
6800 3.952939
6900 3.969245
7000 4.268987
7100 4.380127
7200 4.038484
7300 4.491700
7400 4.717654
7500 5.147114
7600 4.870774
7700 4.824639
7800 4.734430
7900 4.995093
8000 5.496423
8100 5.397797
8200 5.585347
8300 6.047798
8400 6.229099
8500 6.442419
8600 6.517006
8700 6.667334
8800 6.700906
8900 8.324110
9000 6.652270
9100 6.712044
9200 6.927978
9300 7.974060
9400 8.294626
9500 8.266437
9600 7.462843
9700 8.119700
9800 8.564478
9900 8.202054
10000 8.892006
