1 1.399600e+03   
2 5.593600e+02   
3 2.236320e+02   
4 8.941120e+01   
5 3.575104e+01   
6 1.429530e+01   
7 5.716326e+00   
8 2.285839e+00   
9 9.140849e-01   
10 3.655365e-01   
11 1.461785e-01   
12 5.845728e-02   
13 2.337761e-02   
14 9.348969e-03   
15 3.738800e-03   
16 1.495211e-03   
17 5.979662e-04   
18 2.391400e-04   
19 9.563816e-05   
20 3.824823e-05   
21 1.529658e-05   
22 6.117561e-06   
23 2.446610e-06   
24 9.784803e-07   
25 3.913289e-07   
26 1.565065e-07   
27 6.259282e-08   
28 2.503313e-08   
29 1.001166e-08   
30 4.004107e-09   
31 1.601368e-09   
32 6.404367e-10   
33 2.562467e-10   
34 1.026103e-10   
35 4.095158e-11   
